              1                                               5               5               0      
              1           6                                   5               5               0      
              1           666                                  5               5               0      
              1          6           6                                                       0      
              1                     666                                                      0      
              1                      6                                                       0      
                 122223                                 122223                               0000000
                14444443                               14444443                               /////0
               1444444443                             1444444443                              /////0
OOOOOOOO   OOOO1111111111111111111111111111111111111111111111111111111111111111111111111111111111111
00000000   00001111111111111111111111111111111111111111111111111111111111111111111111111111111111111
00000000   00001111111111111111111111111111111111111111111111111111111111111111111111111111111111111
0        1         2         3         4         5         6         7         8         9         0